1 0.959766 0.569922 0.055469 0.471094
1 0.878906 0.572266 0.045312 0.413281
1 0.825781 0.676562 0.067187 0.531250
1 0.780078 0.580078 0.055469 0.444531
1 0.744141 0.634375 0.055469 0.468750
1 0.716406 0.684766 0.057813 0.519531
1 0.688672 0.562891 0.050781 0.394531
1 0.641016 0.571094 0.074219 0.504687
1 0.429297 0.560156 0.069531 0.548438
1 0.278516 0.559766 0.086719 0.466406
1 0.215234 0.576563 0.082031 0.500000
1 0.160156 0.541016 0.057812 0.475781
1 0.118750 0.593750 0.071875 0.678125
1 0.082422 0.486719 0.060156 0.545312
