1 0.040234 0.569922 0.055469 0.471094
1 0.121094 0.572266 0.045312 0.413281
1 0.174219 0.676562 0.067187 0.531250
1 0.219922 0.580078 0.055469 0.444531
1 0.255859 0.634375 0.055469 0.468750
1 0.283594 0.684766 0.057813 0.519531
1 0.311328 0.562891 0.050781 0.394531
1 0.358984 0.571094 0.074219 0.504687
1 0.570703 0.560156 0.069531 0.548438
1 0.721484 0.559766 0.086719 0.466406
1 0.784766 0.576562 0.082031 0.500000
1 0.839844 0.541016 0.057813 0.475781
1 0.881250 0.593750 0.071875 0.678125
1 0.917578 0.486719 0.060156 0.545312
